GRAVEDAD <- 9.81